1000 10 0
1000 10 1
1000 10 2
1000 10 3
1000 10 4
1000 10 5
1000 10 6
1000 10 7
1000 10 8
1000 10 9
1000 10 10
1000 10 11
1000 10 12
1000 10 13
1000 10 14
1000 10 15
1000 10 16
1000 10 17
1000 10 18
1000 10 19
1000 10 20
1000 10 21
1000 10 22
1000 10 23
1000 10 24
1000 10 25
1000 10 26
1000 10 27
1000 10 28
1000 10 29
1000 10 30
1000 10 31
1000 10 32
1000 10 33
1000 10 34
1000 10 35
1000 10 36
1000 10 37
1000 10 38
1000 10 39
1000 10 40
1000 10 41
1000 10 42
1000 10 43
1000 10 44
1000 10 45
1000 10 46
1000 10 47
1000 10 48
1000 10 49
1000 10 50
1000 10 51
1000 10 52
1000 10 53
1000 10 54
1000 10 55
1000 10 56
1000 10 57
1000 10 58
1000 10 59
1000 10 60
1000 10 61
1000 10 62
1000 10 63
1000 10 64
1000 10 65
1000 10 66
1000 10 67
1000 10 68
1000 10 69
1000 10 70
1000 10 71
1000 10 72
1000 10 73
1000 10 74
1000 10 75
1000 10 76
1000 10 77
1000 10 78
1000 10 79
1000 10 80
1000 10 81
1000 10 82
1000 10 83
1000 10 84
1000 10 85
1000 10 86
1000 10 87
1000 10 88
1000 10 89
1000 10 90
1000 10 91
1000 10 92
1000 10 93
1000 10 94
1000 10 95
1000 10 96
1000 10 97
1000 10 98
1000 10 99
1000 100 0
1000 100 1
1000 100 2
1000 100 3
1000 100 4
1000 100 5
1000 100 6
1000 100 7
1000 100 8
1000 100 9
1000 100 10
1000 100 11
1000 100 12
1000 100 13
1000 100 14
1000 100 15
1000 100 16
1000 100 17
1000 100 18
1000 100 19
1000 100 20
1000 100 21
1000 100 22
1000 100 23
1000 100 24
1000 100 25
1000 100 26
1000 100 27
1000 100 28
1000 100 29
1000 100 30
1000 100 31
1000 100 32
1000 100 33
1000 100 34
1000 100 35
1000 100 36
1000 100 37
1000 100 38
1000 100 39
1000 100 40
1000 100 41
1000 100 42
1000 100 43
1000 100 44
1000 100 45
1000 100 46
1000 100 47
1000 100 48
1000 100 49
1000 100 50
1000 100 51
1000 100 52
1000 100 53
1000 100 54
1000 100 55
1000 100 56
1000 100 57
1000 100 58
1000 100 59
1000 100 60
1000 100 61
1000 100 62
1000 100 63
1000 100 64
1000 100 65
1000 100 66
1000 100 67
1000 100 68
1000 100 69
1000 100 70
1000 100 71
1000 100 72
1000 100 73
1000 100 74
1000 100 75
1000 100 76
1000 100 77
1000 100 78
1000 100 79
1000 100 80
1000 100 81
1000 100 82
1000 100 83
1000 100 84
1000 100 85
1000 100 86
1000 100 87
1000 100 88
1000 100 89
1000 100 90
1000 100 91
1000 100 92
1000 100 93
1000 100 94
1000 100 95
1000 100 96
1000 100 97
1000 100 98
1000 100 99
